{
 "cells": [
  {
   "cell_type": "code",
   "execution_count": 21,
   "metadata": {},
   "outputs": [],
   "source": [
    "import pandas as pd\n",
    "from sklearn.neighbors import NearestNeighbors\n",
    "import numpy as np\n",
    "from sklearn.metrics.pairwise import cosine_similarity\n",
    "import matplotlib.pyplot as plt"
   ]
  },
  {
   "cell_type": "code",
   "execution_count": 2,
   "metadata": {},
   "outputs": [],
   "source": [
    "bk = pd.read_csv('Brooklyn CD Socio-Economic.csv')"
   ]
  },
  {
   "cell_type": "code",
   "execution_count": 3,
   "metadata": {},
   "outputs": [
    {
     "data": {
      "text/plain": [
       "['the_geom',\n",
       " 'cartodb_id',\n",
       " 'the_geom_webmercator',\n",
       " 'acres',\n",
       " 'acs_tooltip',\n",
       " 'acs_tooltip_2',\n",
       " 'acs_tooltip_3',\n",
       " 'area_sqmi',\n",
       " 'borocd',\n",
       " 'cb_email',\n",
       " 'cb_website',\n",
       " 'cd_full_title',\n",
       " 'cd_short_title',\n",
       " 'cd_son_fy2018',\n",
       " 'cd_tot_bldgs',\n",
       " 'cd_tot_resunits',\n",
       " 'count_hosp_clinic',\n",
       " 'count_libraries',\n",
       " 'count_parks',\n",
       " 'count_public_schools',\n",
       " 'crime_count',\n",
       " 'crime_count_boro',\n",
       " 'crime_count_nyc',\n",
       " 'crime_per_1000',\n",
       " 'crime_per_1000_boro',\n",
       " 'crime_per_1000_nyc',\n",
       " 'female_10_14',\n",
       " 'female_15_19',\n",
       " 'female_20_24',\n",
       " 'female_25_29',\n",
       " 'female_30_34',\n",
       " 'female_35_39',\n",
       " 'female_40_44',\n",
       " 'female_45_49',\n",
       " 'female_5_9',\n",
       " 'female_50_54',\n",
       " 'female_55_59',\n",
       " 'female_60_64',\n",
       " 'female_65_69',\n",
       " 'female_70_74',\n",
       " 'female_75_79',\n",
       " 'female_80_84',\n",
       " 'female_85_over',\n",
       " 'female_under_5',\n",
       " 'fp_100_area',\n",
       " 'fp_100_bldg',\n",
       " 'fp_100_cost_burden',\n",
       " 'fp_100_cost_burden_value',\n",
       " 'fp_100_mhhi',\n",
       " 'fp_100_mortg_value',\n",
       " 'fp_100_openspace',\n",
       " 'fp_100_ownerocc',\n",
       " 'fp_100_ownerocc_value',\n",
       " 'fp_100_permortg',\n",
       " 'fp_100_pop',\n",
       " 'fp_100_rent_burden',\n",
       " 'fp_100_rent_burden_value',\n",
       " 'fp_100_resunits',\n",
       " 'fp_500_area',\n",
       " 'fp_500_bldg',\n",
       " 'fp_500_cost_burden',\n",
       " 'fp_500_cost_burden_value',\n",
       " 'fp_500_mhhi',\n",
       " 'fp_500_mortg_value',\n",
       " 'fp_500_openspace',\n",
       " 'fp_500_ownerocc',\n",
       " 'fp_500_ownerocc_value',\n",
       " 'fp_500_permortg',\n",
       " 'fp_500_pop',\n",
       " 'fp_500_rent_burden',\n",
       " 'fp_500_rent_burden_value',\n",
       " 'fp_500_resunits',\n",
       " 'lep_rate',\n",
       " 'lep_rate_boro',\n",
       " 'lep_rate_nyc',\n",
       " 'lot_area_commercial_office',\n",
       " 'lot_area_industrial_manufacturing',\n",
       " 'lot_area_mixed_use',\n",
       " 'lot_area_open_space',\n",
       " 'lot_area_other_no_data',\n",
       " 'lot_area_parking',\n",
       " 'lot_area_public_facility_institution',\n",
       " 'lot_area_res_1_2_family_bldg',\n",
       " 'lot_area_res_multifamily_elevator',\n",
       " 'lot_area_res_multifamily_walkup',\n",
       " 'lot_area_transportation_utility',\n",
       " 'lot_area_vacant',\n",
       " 'lots_commercial_office',\n",
       " 'lots_industrial_manufacturing',\n",
       " 'lots_mixed_use',\n",
       " 'lots_open_space',\n",
       " 'lots_other_no_data',\n",
       " 'lots_parking',\n",
       " 'lots_public_facility_institution',\n",
       " 'lots_res_1_2_family_bldg',\n",
       " 'lots_res_multifamily_elevator',\n",
       " 'lots_res_multifamily_walkup',\n",
       " 'lots_total',\n",
       " 'lots_transportation_utility',\n",
       " 'lots_vacant',\n",
       " 'male_10_14',\n",
       " 'male_15_19',\n",
       " 'male_20_24',\n",
       " 'male_25_29',\n",
       " 'male_30_34',\n",
       " 'male_35_39',\n",
       " 'male_40_44',\n",
       " 'male_45_49',\n",
       " 'male_5_9',\n",
       " 'male_50_54',\n",
       " 'male_55_59',\n",
       " 'male_60_64',\n",
       " 'male_65_69',\n",
       " 'male_70_74',\n",
       " 'male_75_79',\n",
       " 'male_80_84',\n",
       " 'male_85_over',\n",
       " 'male_under_5',\n",
       " 'mean_commute',\n",
       " 'mean_commute_boro',\n",
       " 'mean_commute_nyc',\n",
       " 'moe_bach_deg',\n",
       " 'moe_bach_deg_boro',\n",
       " 'moe_bach_deg_nyc',\n",
       " 'moe_foreign_born',\n",
       " 'moe_hh_rent_burd',\n",
       " 'moe_hh_rent_burd_boro',\n",
       " 'moe_hh_rent_burd_nyc',\n",
       " 'moe_lep_rate',\n",
       " 'moe_lep_rate_boro',\n",
       " 'moe_lep_rate_nyc',\n",
       " 'moe_mean_commute',\n",
       " 'moe_mean_commute_boro',\n",
       " 'moe_mean_commute_nyc',\n",
       " 'moe_over65_rate',\n",
       " 'moe_over65_rate_boro',\n",
       " 'moe_over65_rate_nyc',\n",
       " 'moe_poverty_rate',\n",
       " 'moe_under18_rate',\n",
       " 'moe_under18_rate_boro',\n",
       " 'moe_under18_rate_nyc',\n",
       " 'moe_unemnployment',\n",
       " 'moe_unemployment_boro',\n",
       " 'moe_unemployment_cd',\n",
       " 'neighborhoods',\n",
       " 'over65_rate',\n",
       " 'over65_rate_boro',\n",
       " 'over65_rate_nyc',\n",
       " 'pct_asian_nh',\n",
       " 'pct_bach_deg',\n",
       " 'pct_bach_deg_boro',\n",
       " 'pct_bach_deg_nyc',\n",
       " 'pct_black_nh',\n",
       " 'pct_clean_strts',\n",
       " 'pct_clean_strts_boro',\n",
       " 'pct_clean_strts_nyc',\n",
       " 'pct_foreign_born',\n",
       " 'pct_hh_rent_burd',\n",
       " 'pct_hh_rent_burd_boro',\n",
       " 'pct_hh_rent_burd_nyc',\n",
       " 'pct_hispanic',\n",
       " 'pct_other_nh',\n",
       " 'pct_served_parks',\n",
       " 'pct_white_nh',\n",
       " 'pop_2000',\n",
       " 'pop_2010',\n",
       " 'pop_acs',\n",
       " 'pop_change_00_10',\n",
       " 'poverty_rate',\n",
       " 'poverty_rate_boro',\n",
       " 'poverty_rate_nyc',\n",
       " 'puma',\n",
       " 'shared_puma',\n",
       " 'shared_puma_cd',\n",
       " 'son_issue_1',\n",
       " 'son_issue_2',\n",
       " 'son_issue_3',\n",
       " 'total_lot_area',\n",
       " 'under18_rate',\n",
       " 'under18_rate_boro',\n",
       " 'under18_rate_nyc',\n",
       " 'unemployment_boro',\n",
       " 'unemployment_cd',\n",
       " 'unemployment_nyc']"
      ]
     },
     "execution_count": 3,
     "metadata": {},
     "output_type": "execute_result"
    }
   ],
   "source": [
    "list(bk.columns)"
   ]
  },
  {
   "cell_type": "code",
   "execution_count": 4,
   "metadata": {},
   "outputs": [],
   "source": [
    "nn_var = ['crime_per_1000',\n",
    "         'pct_asian_nh',\n",
    "         'pct_bach_deg',\n",
    "         'pct_black_nh',\n",
    "         'pct_foreign_born',\n",
    "         'pct_hispanic',\n",
    "         'pct_other_nh',\n",
    "         'pct_white_nh',\n",
    "         'poverty_rate',\n",
    "         'unemployment_cd']"
   ]
  },
  {
   "cell_type": "code",
   "execution_count": 5,
   "metadata": {},
   "outputs": [],
   "source": [
    "X = bk[nn_var]\n",
    "nbrs = NearestNeighbors(n_neighbors=2, algorithm='ball_tree').fit(X)\n",
    "distances, indices = nbrs.kneighbors(X)"
   ]
  },
  {
   "cell_type": "code",
   "execution_count": 6,
   "metadata": {},
   "outputs": [
    {
     "data": {
      "text/html": [
       "<div>\n",
       "<style scoped>\n",
       "    .dataframe tbody tr th:only-of-type {\n",
       "        vertical-align: middle;\n",
       "    }\n",
       "\n",
       "    .dataframe tbody tr th {\n",
       "        vertical-align: top;\n",
       "    }\n",
       "\n",
       "    .dataframe thead th {\n",
       "        text-align: right;\n",
       "    }\n",
       "</style>\n",
       "<table border=\"1\" class=\"dataframe\">\n",
       "  <thead>\n",
       "    <tr style=\"text-align: right;\">\n",
       "      <th></th>\n",
       "      <th>0</th>\n",
       "      <th>1</th>\n",
       "    </tr>\n",
       "  </thead>\n",
       "  <tbody>\n",
       "    <tr>\n",
       "      <th>0</th>\n",
       "      <td>0.0</td>\n",
       "      <td>27.790554</td>\n",
       "    </tr>\n",
       "    <tr>\n",
       "      <th>1</th>\n",
       "      <td>0.0</td>\n",
       "      <td>30.905476</td>\n",
       "    </tr>\n",
       "    <tr>\n",
       "      <th>2</th>\n",
       "      <td>0.0</td>\n",
       "      <td>18.602791</td>\n",
       "    </tr>\n",
       "    <tr>\n",
       "      <th>3</th>\n",
       "      <td>0.0</td>\n",
       "      <td>38.922772</td>\n",
       "    </tr>\n",
       "    <tr>\n",
       "      <th>4</th>\n",
       "      <td>0.0</td>\n",
       "      <td>28.516575</td>\n",
       "    </tr>\n",
       "  </tbody>\n",
       "</table>\n",
       "</div>"
      ],
      "text/plain": [
       "     0          1\n",
       "0  0.0  27.790554\n",
       "1  0.0  30.905476\n",
       "2  0.0  18.602791\n",
       "3  0.0  38.922772\n",
       "4  0.0  28.516575"
      ]
     },
     "execution_count": 6,
     "metadata": {},
     "output_type": "execute_result"
    }
   ],
   "source": [
    "distances_df = pd.DataFrame(distances)\n",
    "distances_df.head()"
   ]
  },
  {
   "cell_type": "code",
   "execution_count": 7,
   "metadata": {},
   "outputs": [],
   "source": [
    "indices_df = pd.DataFrame(indices)"
   ]
  },
  {
   "cell_type": "code",
   "execution_count": 8,
   "metadata": {},
   "outputs": [],
   "source": [
    "bk['nn_distances'] = distances_df[1]\n",
    "bk['nn_indices'] = indices_df[1]"
   ]
  },
  {
   "cell_type": "code",
   "execution_count": 9,
   "metadata": {},
   "outputs": [],
   "source": [
    "cd_list = ['cd_short_title','neighborhoods','nn_distances', 'nn_indices']"
   ]
  },
  {
   "cell_type": "code",
   "execution_count": 10,
   "metadata": {},
   "outputs": [
    {
     "data": {
      "text/html": [
       "<div>\n",
       "<style scoped>\n",
       "    .dataframe tbody tr th:only-of-type {\n",
       "        vertical-align: middle;\n",
       "    }\n",
       "\n",
       "    .dataframe tbody tr th {\n",
       "        vertical-align: top;\n",
       "    }\n",
       "\n",
       "    .dataframe thead th {\n",
       "        text-align: right;\n",
       "    }\n",
       "</style>\n",
       "<table border=\"1\" class=\"dataframe\">\n",
       "  <thead>\n",
       "    <tr style=\"text-align: right;\">\n",
       "      <th></th>\n",
       "      <th>cd_short_title</th>\n",
       "      <th>neighborhoods</th>\n",
       "      <th>nn_distances</th>\n",
       "      <th>nn_indices</th>\n",
       "    </tr>\n",
       "  </thead>\n",
       "  <tbody>\n",
       "    <tr>\n",
       "      <th>0</th>\n",
       "      <td>Brooklyn CD 1</td>\n",
       "      <td>East Williamsburg, Greenpoint, Northside, Sout...</td>\n",
       "      <td>27.790554</td>\n",
       "      <td>5</td>\n",
       "    </tr>\n",
       "    <tr>\n",
       "      <th>1</th>\n",
       "      <td>Brooklyn CD 2</td>\n",
       "      <td>Boerum Hill, Brooklyn Heights, Clinton Hill, D...</td>\n",
       "      <td>30.905476</td>\n",
       "      <td>5</td>\n",
       "    </tr>\n",
       "    <tr>\n",
       "      <th>2</th>\n",
       "      <td>Brooklyn CD 3</td>\n",
       "      <td>Bedford-Stuyvesant, Stuyvesant Heights, Tompki...</td>\n",
       "      <td>18.602791</td>\n",
       "      <td>7</td>\n",
       "    </tr>\n",
       "    <tr>\n",
       "      <th>3</th>\n",
       "      <td>Brooklyn CD 4</td>\n",
       "      <td>Bushwick</td>\n",
       "      <td>38.922772</td>\n",
       "      <td>6</td>\n",
       "    </tr>\n",
       "    <tr>\n",
       "      <th>4</th>\n",
       "      <td>Brooklyn CD 5</td>\n",
       "      <td>Broadway Junction, City Line, Cypress Hills, E...</td>\n",
       "      <td>28.516575</td>\n",
       "      <td>15</td>\n",
       "    </tr>\n",
       "    <tr>\n",
       "      <th>5</th>\n",
       "      <td>Brooklyn CD 6</td>\n",
       "      <td>Carroll Gardens, Cobble Hill, Columbia St, Gow...</td>\n",
       "      <td>27.790554</td>\n",
       "      <td>0</td>\n",
       "    </tr>\n",
       "    <tr>\n",
       "      <th>6</th>\n",
       "      <td>Brooklyn CD 7</td>\n",
       "      <td>Sunset Park, Windsor Terrace</td>\n",
       "      <td>36.045222</td>\n",
       "      <td>10</td>\n",
       "    </tr>\n",
       "    <tr>\n",
       "      <th>7</th>\n",
       "      <td>Brooklyn CD 8</td>\n",
       "      <td>Crown Heights, Prospect Heights, Weeksville</td>\n",
       "      <td>16.188186</td>\n",
       "      <td>17</td>\n",
       "    </tr>\n",
       "    <tr>\n",
       "      <th>8</th>\n",
       "      <td>Brooklyn CD 9</td>\n",
       "      <td>Crown Heights South, Prospect Lefferts Gardens...</td>\n",
       "      <td>8.186782</td>\n",
       "      <td>17</td>\n",
       "    </tr>\n",
       "    <tr>\n",
       "      <th>9</th>\n",
       "      <td>Brooklyn CD 10</td>\n",
       "      <td>Bay Ridge, Dyker Heights, Fort Hamilton</td>\n",
       "      <td>17.556951</td>\n",
       "      <td>14</td>\n",
       "    </tr>\n",
       "    <tr>\n",
       "      <th>10</th>\n",
       "      <td>Brooklyn CD 11</td>\n",
       "      <td>Bath Beach, Bensonhurst, Gravesend, Mapleton</td>\n",
       "      <td>28.390798</td>\n",
       "      <td>9</td>\n",
       "    </tr>\n",
       "    <tr>\n",
       "      <th>11</th>\n",
       "      <td>Brooklyn CD 12</td>\n",
       "      <td>Borough Park, Kensington, Ocean Parkway</td>\n",
       "      <td>25.086930</td>\n",
       "      <td>14</td>\n",
       "    </tr>\n",
       "    <tr>\n",
       "      <th>12</th>\n",
       "      <td>Brooklyn CD 13</td>\n",
       "      <td>Brighton Beach, Coney Island, Gravesend, Homec...</td>\n",
       "      <td>16.037882</td>\n",
       "      <td>14</td>\n",
       "    </tr>\n",
       "    <tr>\n",
       "      <th>13</th>\n",
       "      <td>Brooklyn CD 14</td>\n",
       "      <td>Ditmas Park, Flatbush, Manhattan Terrace, Midw...</td>\n",
       "      <td>28.085034</td>\n",
       "      <td>12</td>\n",
       "    </tr>\n",
       "    <tr>\n",
       "      <th>14</th>\n",
       "      <td>Brooklyn CD 15</td>\n",
       "      <td>Gerritsen Beach, Gravesend, Homecrest, Kings H...</td>\n",
       "      <td>16.037882</td>\n",
       "      <td>12</td>\n",
       "    </tr>\n",
       "    <tr>\n",
       "      <th>15</th>\n",
       "      <td>Brooklyn CD 16</td>\n",
       "      <td>Broadway Junction, Brownsville, Ocean Hill</td>\n",
       "      <td>28.516575</td>\n",
       "      <td>4</td>\n",
       "    </tr>\n",
       "    <tr>\n",
       "      <th>16</th>\n",
       "      <td>Brooklyn CD 17</td>\n",
       "      <td>East Flatbush, Farragut, Flatbush, Northeast F...</td>\n",
       "      <td>32.041518</td>\n",
       "      <td>8</td>\n",
       "    </tr>\n",
       "    <tr>\n",
       "      <th>17</th>\n",
       "      <td>Brooklyn CD 18</td>\n",
       "      <td>Bergen Beach, Canarsie, Flatlands, Georgetown,...</td>\n",
       "      <td>8.186782</td>\n",
       "      <td>8</td>\n",
       "    </tr>\n",
       "  </tbody>\n",
       "</table>\n",
       "</div>"
      ],
      "text/plain": [
       "    cd_short_title                                      neighborhoods  \\\n",
       "0    Brooklyn CD 1  East Williamsburg, Greenpoint, Northside, Sout...   \n",
       "1    Brooklyn CD 2  Boerum Hill, Brooklyn Heights, Clinton Hill, D...   \n",
       "2    Brooklyn CD 3  Bedford-Stuyvesant, Stuyvesant Heights, Tompki...   \n",
       "3    Brooklyn CD 4                                           Bushwick   \n",
       "4    Brooklyn CD 5  Broadway Junction, City Line, Cypress Hills, E...   \n",
       "5    Brooklyn CD 6  Carroll Gardens, Cobble Hill, Columbia St, Gow...   \n",
       "6    Brooklyn CD 7                       Sunset Park, Windsor Terrace   \n",
       "7    Brooklyn CD 8        Crown Heights, Prospect Heights, Weeksville   \n",
       "8    Brooklyn CD 9  Crown Heights South, Prospect Lefferts Gardens...   \n",
       "9   Brooklyn CD 10            Bay Ridge, Dyker Heights, Fort Hamilton   \n",
       "10  Brooklyn CD 11       Bath Beach, Bensonhurst, Gravesend, Mapleton   \n",
       "11  Brooklyn CD 12            Borough Park, Kensington, Ocean Parkway   \n",
       "12  Brooklyn CD 13  Brighton Beach, Coney Island, Gravesend, Homec...   \n",
       "13  Brooklyn CD 14  Ditmas Park, Flatbush, Manhattan Terrace, Midw...   \n",
       "14  Brooklyn CD 15  Gerritsen Beach, Gravesend, Homecrest, Kings H...   \n",
       "15  Brooklyn CD 16         Broadway Junction, Brownsville, Ocean Hill   \n",
       "16  Brooklyn CD 17  East Flatbush, Farragut, Flatbush, Northeast F...   \n",
       "17  Brooklyn CD 18  Bergen Beach, Canarsie, Flatlands, Georgetown,...   \n",
       "\n",
       "    nn_distances  nn_indices  \n",
       "0      27.790554           5  \n",
       "1      30.905476           5  \n",
       "2      18.602791           7  \n",
       "3      38.922772           6  \n",
       "4      28.516575          15  \n",
       "5      27.790554           0  \n",
       "6      36.045222          10  \n",
       "7      16.188186          17  \n",
       "8       8.186782          17  \n",
       "9      17.556951          14  \n",
       "10     28.390798           9  \n",
       "11     25.086930          14  \n",
       "12     16.037882          14  \n",
       "13     28.085034          12  \n",
       "14     16.037882          12  \n",
       "15     28.516575           4  \n",
       "16     32.041518           8  \n",
       "17      8.186782           8  "
      ]
     },
     "execution_count": 10,
     "metadata": {},
     "output_type": "execute_result"
    }
   ],
   "source": [
    "bk[cd_list]"
   ]
  },
  {
   "cell_type": "code",
   "execution_count": null,
   "metadata": {},
   "outputs": [],
   "source": []
  },
  {
   "cell_type": "code",
   "execution_count": 11,
   "metadata": {},
   "outputs": [],
   "source": [
    "v = cosine_similarity(X)"
   ]
  },
  {
   "cell_type": "code",
   "execution_count": 12,
   "metadata": {},
   "outputs": [],
   "source": [
    "df = pd.DataFrame(v, columns = X.index.values).reset_index()\n",
    "df = df.drop(columns=['index'])"
   ]
  },
  {
   "cell_type": "code",
   "execution_count": 13,
   "metadata": {},
   "outputs": [
    {
     "data": {
      "text/html": [
       "<div>\n",
       "<style scoped>\n",
       "    .dataframe tbody tr th:only-of-type {\n",
       "        vertical-align: middle;\n",
       "    }\n",
       "\n",
       "    .dataframe tbody tr th {\n",
       "        vertical-align: top;\n",
       "    }\n",
       "\n",
       "    .dataframe thead th {\n",
       "        text-align: right;\n",
       "    }\n",
       "</style>\n",
       "<table border=\"1\" class=\"dataframe\">\n",
       "  <thead>\n",
       "    <tr style=\"text-align: right;\">\n",
       "      <th></th>\n",
       "      <th>0</th>\n",
       "      <th>1</th>\n",
       "      <th>2</th>\n",
       "      <th>3</th>\n",
       "      <th>4</th>\n",
       "      <th>5</th>\n",
       "      <th>6</th>\n",
       "      <th>7</th>\n",
       "      <th>8</th>\n",
       "      <th>9</th>\n",
       "      <th>10</th>\n",
       "      <th>11</th>\n",
       "      <th>12</th>\n",
       "      <th>13</th>\n",
       "      <th>14</th>\n",
       "      <th>15</th>\n",
       "      <th>16</th>\n",
       "      <th>17</th>\n",
       "    </tr>\n",
       "  </thead>\n",
       "  <tbody>\n",
       "    <tr>\n",
       "      <th>0</th>\n",
       "      <td>1.000000</td>\n",
       "      <td>0.929179</td>\n",
       "      <td>0.717408</td>\n",
       "      <td>0.719963</td>\n",
       "      <td>0.504070</td>\n",
       "      <td>0.965575</td>\n",
       "      <td>0.752505</td>\n",
       "      <td>0.676746</td>\n",
       "      <td>0.609622</td>\n",
       "      <td>0.949720</td>\n",
       "      <td>0.813310</td>\n",
       "      <td>0.943079</td>\n",
       "      <td>0.925260</td>\n",
       "      <td>0.882785</td>\n",
       "      <td>0.942339</td>\n",
       "      <td>0.384982</td>\n",
       "      <td>0.385058</td>\n",
       "      <td>0.624923</td>\n",
       "    </tr>\n",
       "    <tr>\n",
       "      <th>1</th>\n",
       "      <td>0.929179</td>\n",
       "      <td>1.000000</td>\n",
       "      <td>0.849826</td>\n",
       "      <td>0.701131</td>\n",
       "      <td>0.609964</td>\n",
       "      <td>0.957659</td>\n",
       "      <td>0.689452</td>\n",
       "      <td>0.845370</td>\n",
       "      <td>0.768031</td>\n",
       "      <td>0.873065</td>\n",
       "      <td>0.739259</td>\n",
       "      <td>0.818786</td>\n",
       "      <td>0.858966</td>\n",
       "      <td>0.914467</td>\n",
       "      <td>0.855869</td>\n",
       "      <td>0.562798</td>\n",
       "      <td>0.587917</td>\n",
       "      <td>0.785211</td>\n",
       "    </tr>\n",
       "    <tr>\n",
       "      <th>2</th>\n",
       "      <td>0.717408</td>\n",
       "      <td>0.849826</td>\n",
       "      <td>1.000000</td>\n",
       "      <td>0.775755</td>\n",
       "      <td>0.898475</td>\n",
       "      <td>0.683185</td>\n",
       "      <td>0.643213</td>\n",
       "      <td>0.976519</td>\n",
       "      <td>0.951232</td>\n",
       "      <td>0.667268</td>\n",
       "      <td>0.601155</td>\n",
       "      <td>0.635238</td>\n",
       "      <td>0.735335</td>\n",
       "      <td>0.890833</td>\n",
       "      <td>0.661020</td>\n",
       "      <td>0.900749</td>\n",
       "      <td>0.871454</td>\n",
       "      <td>0.943198</td>\n",
       "    </tr>\n",
       "    <tr>\n",
       "      <th>3</th>\n",
       "      <td>0.719963</td>\n",
       "      <td>0.701131</td>\n",
       "      <td>0.775755</td>\n",
       "      <td>1.000000</td>\n",
       "      <td>0.857281</td>\n",
       "      <td>0.622187</td>\n",
       "      <td>0.889167</td>\n",
       "      <td>0.723933</td>\n",
       "      <td>0.688875</td>\n",
       "      <td>0.706900</td>\n",
       "      <td>0.693376</td>\n",
       "      <td>0.622893</td>\n",
       "      <td>0.748385</td>\n",
       "      <td>0.799786</td>\n",
       "      <td>0.659468</td>\n",
       "      <td>0.685026</td>\n",
       "      <td>0.594598</td>\n",
       "      <td>0.678670</td>\n",
       "    </tr>\n",
       "    <tr>\n",
       "      <th>4</th>\n",
       "      <td>0.504070</td>\n",
       "      <td>0.609964</td>\n",
       "      <td>0.898475</td>\n",
       "      <td>0.857281</td>\n",
       "      <td>1.000000</td>\n",
       "      <td>0.406378</td>\n",
       "      <td>0.708654</td>\n",
       "      <td>0.872864</td>\n",
       "      <td>0.887427</td>\n",
       "      <td>0.512043</td>\n",
       "      <td>0.551518</td>\n",
       "      <td>0.442240</td>\n",
       "      <td>0.618805</td>\n",
       "      <td>0.775735</td>\n",
       "      <td>0.494526</td>\n",
       "      <td>0.947809</td>\n",
       "      <td>0.887752</td>\n",
       "      <td>0.866085</td>\n",
       "    </tr>\n",
       "    <tr>\n",
       "      <th>5</th>\n",
       "      <td>0.965575</td>\n",
       "      <td>0.957659</td>\n",
       "      <td>0.683185</td>\n",
       "      <td>0.622187</td>\n",
       "      <td>0.406378</td>\n",
       "      <td>1.000000</td>\n",
       "      <td>0.647296</td>\n",
       "      <td>0.670259</td>\n",
       "      <td>0.576578</td>\n",
       "      <td>0.894988</td>\n",
       "      <td>0.724792</td>\n",
       "      <td>0.867924</td>\n",
       "      <td>0.848112</td>\n",
       "      <td>0.831467</td>\n",
       "      <td>0.879907</td>\n",
       "      <td>0.326594</td>\n",
       "      <td>0.349965</td>\n",
       "      <td>0.599220</td>\n",
       "    </tr>\n",
       "    <tr>\n",
       "      <th>6</th>\n",
       "      <td>0.752505</td>\n",
       "      <td>0.689452</td>\n",
       "      <td>0.643213</td>\n",
       "      <td>0.889167</td>\n",
       "      <td>0.708654</td>\n",
       "      <td>0.647296</td>\n",
       "      <td>1.000000</td>\n",
       "      <td>0.627203</td>\n",
       "      <td>0.603442</td>\n",
       "      <td>0.856161</td>\n",
       "      <td>0.917316</td>\n",
       "      <td>0.739766</td>\n",
       "      <td>0.854573</td>\n",
       "      <td>0.825785</td>\n",
       "      <td>0.800039</td>\n",
       "      <td>0.518783</td>\n",
       "      <td>0.487948</td>\n",
       "      <td>0.608240</td>\n",
       "    </tr>\n",
       "    <tr>\n",
       "      <th>7</th>\n",
       "      <td>0.676746</td>\n",
       "      <td>0.845370</td>\n",
       "      <td>0.976519</td>\n",
       "      <td>0.723933</td>\n",
       "      <td>0.872864</td>\n",
       "      <td>0.670259</td>\n",
       "      <td>0.627203</td>\n",
       "      <td>1.000000</td>\n",
       "      <td>0.983751</td>\n",
       "      <td>0.663109</td>\n",
       "      <td>0.616973</td>\n",
       "      <td>0.607066</td>\n",
       "      <td>0.739411</td>\n",
       "      <td>0.903463</td>\n",
       "      <td>0.664596</td>\n",
       "      <td>0.906986</td>\n",
       "      <td>0.919628</td>\n",
       "      <td>0.982294</td>\n",
       "    </tr>\n",
       "    <tr>\n",
       "      <th>8</th>\n",
       "      <td>0.609622</td>\n",
       "      <td>0.768031</td>\n",
       "      <td>0.951232</td>\n",
       "      <td>0.688875</td>\n",
       "      <td>0.887427</td>\n",
       "      <td>0.576578</td>\n",
       "      <td>0.603442</td>\n",
       "      <td>0.983751</td>\n",
       "      <td>1.000000</td>\n",
       "      <td>0.622728</td>\n",
       "      <td>0.611164</td>\n",
       "      <td>0.573351</td>\n",
       "      <td>0.727194</td>\n",
       "      <td>0.886732</td>\n",
       "      <td>0.643387</td>\n",
       "      <td>0.932589</td>\n",
       "      <td>0.962991</td>\n",
       "      <td>0.996536</td>\n",
       "    </tr>\n",
       "    <tr>\n",
       "      <th>9</th>\n",
       "      <td>0.949720</td>\n",
       "      <td>0.873065</td>\n",
       "      <td>0.667268</td>\n",
       "      <td>0.706900</td>\n",
       "      <td>0.512043</td>\n",
       "      <td>0.894988</td>\n",
       "      <td>0.856161</td>\n",
       "      <td>0.663109</td>\n",
       "      <td>0.622728</td>\n",
       "      <td>1.000000</td>\n",
       "      <td>0.949607</td>\n",
       "      <td>0.957104</td>\n",
       "      <td>0.975744</td>\n",
       "      <td>0.910615</td>\n",
       "      <td>0.986792</td>\n",
       "      <td>0.391479</td>\n",
       "      <td>0.421275</td>\n",
       "      <td>0.643402</td>\n",
       "    </tr>\n",
       "    <tr>\n",
       "      <th>10</th>\n",
       "      <td>0.813310</td>\n",
       "      <td>0.739259</td>\n",
       "      <td>0.601155</td>\n",
       "      <td>0.693376</td>\n",
       "      <td>0.551518</td>\n",
       "      <td>0.724792</td>\n",
       "      <td>0.917316</td>\n",
       "      <td>0.616973</td>\n",
       "      <td>0.611164</td>\n",
       "      <td>0.949607</td>\n",
       "      <td>1.000000</td>\n",
       "      <td>0.864758</td>\n",
       "      <td>0.938857</td>\n",
       "      <td>0.869043</td>\n",
       "      <td>0.928866</td>\n",
       "      <td>0.418636</td>\n",
       "      <td>0.464451</td>\n",
       "      <td>0.630492</td>\n",
       "    </tr>\n",
       "    <tr>\n",
       "      <th>11</th>\n",
       "      <td>0.943079</td>\n",
       "      <td>0.818786</td>\n",
       "      <td>0.635238</td>\n",
       "      <td>0.622893</td>\n",
       "      <td>0.442240</td>\n",
       "      <td>0.867924</td>\n",
       "      <td>0.739766</td>\n",
       "      <td>0.607066</td>\n",
       "      <td>0.573351</td>\n",
       "      <td>0.957104</td>\n",
       "      <td>0.864758</td>\n",
       "      <td>1.000000</td>\n",
       "      <td>0.944458</td>\n",
       "      <td>0.861417</td>\n",
       "      <td>0.967047</td>\n",
       "      <td>0.351232</td>\n",
       "      <td>0.349745</td>\n",
       "      <td>0.585112</td>\n",
       "    </tr>\n",
       "    <tr>\n",
       "      <th>12</th>\n",
       "      <td>0.925260</td>\n",
       "      <td>0.858966</td>\n",
       "      <td>0.735335</td>\n",
       "      <td>0.748385</td>\n",
       "      <td>0.618805</td>\n",
       "      <td>0.848112</td>\n",
       "      <td>0.854573</td>\n",
       "      <td>0.739411</td>\n",
       "      <td>0.727194</td>\n",
       "      <td>0.975744</td>\n",
       "      <td>0.938857</td>\n",
       "      <td>0.944458</td>\n",
       "      <td>1.000000</td>\n",
       "      <td>0.955987</td>\n",
       "      <td>0.986444</td>\n",
       "      <td>0.513696</td>\n",
       "      <td>0.551137</td>\n",
       "      <td>0.738988</td>\n",
       "    </tr>\n",
       "    <tr>\n",
       "      <th>13</th>\n",
       "      <td>0.882785</td>\n",
       "      <td>0.914467</td>\n",
       "      <td>0.890833</td>\n",
       "      <td>0.799786</td>\n",
       "      <td>0.775735</td>\n",
       "      <td>0.831467</td>\n",
       "      <td>0.825785</td>\n",
       "      <td>0.903463</td>\n",
       "      <td>0.886732</td>\n",
       "      <td>0.910615</td>\n",
       "      <td>0.869043</td>\n",
       "      <td>0.861417</td>\n",
       "      <td>0.955987</td>\n",
       "      <td>1.000000</td>\n",
       "      <td>0.914592</td>\n",
       "      <td>0.719953</td>\n",
       "      <td>0.747467</td>\n",
       "      <td>0.894776</td>\n",
       "    </tr>\n",
       "    <tr>\n",
       "      <th>14</th>\n",
       "      <td>0.942339</td>\n",
       "      <td>0.855869</td>\n",
       "      <td>0.661020</td>\n",
       "      <td>0.659468</td>\n",
       "      <td>0.494526</td>\n",
       "      <td>0.879907</td>\n",
       "      <td>0.800039</td>\n",
       "      <td>0.664596</td>\n",
       "      <td>0.643387</td>\n",
       "      <td>0.986792</td>\n",
       "      <td>0.928866</td>\n",
       "      <td>0.967047</td>\n",
       "      <td>0.986444</td>\n",
       "      <td>0.914592</td>\n",
       "      <td>1.000000</td>\n",
       "      <td>0.392544</td>\n",
       "      <td>0.445046</td>\n",
       "      <td>0.663245</td>\n",
       "    </tr>\n",
       "    <tr>\n",
       "      <th>15</th>\n",
       "      <td>0.384982</td>\n",
       "      <td>0.562798</td>\n",
       "      <td>0.900749</td>\n",
       "      <td>0.685026</td>\n",
       "      <td>0.947809</td>\n",
       "      <td>0.326594</td>\n",
       "      <td>0.518783</td>\n",
       "      <td>0.906986</td>\n",
       "      <td>0.932589</td>\n",
       "      <td>0.391479</td>\n",
       "      <td>0.418636</td>\n",
       "      <td>0.351232</td>\n",
       "      <td>0.513696</td>\n",
       "      <td>0.719953</td>\n",
       "      <td>0.392544</td>\n",
       "      <td>1.000000</td>\n",
       "      <td>0.959077</td>\n",
       "      <td>0.911953</td>\n",
       "    </tr>\n",
       "    <tr>\n",
       "      <th>16</th>\n",
       "      <td>0.385058</td>\n",
       "      <td>0.587917</td>\n",
       "      <td>0.871454</td>\n",
       "      <td>0.594598</td>\n",
       "      <td>0.887752</td>\n",
       "      <td>0.349965</td>\n",
       "      <td>0.487948</td>\n",
       "      <td>0.919628</td>\n",
       "      <td>0.962991</td>\n",
       "      <td>0.421275</td>\n",
       "      <td>0.464451</td>\n",
       "      <td>0.349745</td>\n",
       "      <td>0.551137</td>\n",
       "      <td>0.747467</td>\n",
       "      <td>0.445046</td>\n",
       "      <td>0.959077</td>\n",
       "      <td>1.000000</td>\n",
       "      <td>0.955555</td>\n",
       "    </tr>\n",
       "    <tr>\n",
       "      <th>17</th>\n",
       "      <td>0.624923</td>\n",
       "      <td>0.785211</td>\n",
       "      <td>0.943198</td>\n",
       "      <td>0.678670</td>\n",
       "      <td>0.866085</td>\n",
       "      <td>0.599220</td>\n",
       "      <td>0.608240</td>\n",
       "      <td>0.982294</td>\n",
       "      <td>0.996536</td>\n",
       "      <td>0.643402</td>\n",
       "      <td>0.630492</td>\n",
       "      <td>0.585112</td>\n",
       "      <td>0.738988</td>\n",
       "      <td>0.894776</td>\n",
       "      <td>0.663245</td>\n",
       "      <td>0.911953</td>\n",
       "      <td>0.955555</td>\n",
       "      <td>1.000000</td>\n",
       "    </tr>\n",
       "  </tbody>\n",
       "</table>\n",
       "</div>"
      ],
      "text/plain": [
       "          0         1         2         3         4         5         6   \\\n",
       "0   1.000000  0.929179  0.717408  0.719963  0.504070  0.965575  0.752505   \n",
       "1   0.929179  1.000000  0.849826  0.701131  0.609964  0.957659  0.689452   \n",
       "2   0.717408  0.849826  1.000000  0.775755  0.898475  0.683185  0.643213   \n",
       "3   0.719963  0.701131  0.775755  1.000000  0.857281  0.622187  0.889167   \n",
       "4   0.504070  0.609964  0.898475  0.857281  1.000000  0.406378  0.708654   \n",
       "5   0.965575  0.957659  0.683185  0.622187  0.406378  1.000000  0.647296   \n",
       "6   0.752505  0.689452  0.643213  0.889167  0.708654  0.647296  1.000000   \n",
       "7   0.676746  0.845370  0.976519  0.723933  0.872864  0.670259  0.627203   \n",
       "8   0.609622  0.768031  0.951232  0.688875  0.887427  0.576578  0.603442   \n",
       "9   0.949720  0.873065  0.667268  0.706900  0.512043  0.894988  0.856161   \n",
       "10  0.813310  0.739259  0.601155  0.693376  0.551518  0.724792  0.917316   \n",
       "11  0.943079  0.818786  0.635238  0.622893  0.442240  0.867924  0.739766   \n",
       "12  0.925260  0.858966  0.735335  0.748385  0.618805  0.848112  0.854573   \n",
       "13  0.882785  0.914467  0.890833  0.799786  0.775735  0.831467  0.825785   \n",
       "14  0.942339  0.855869  0.661020  0.659468  0.494526  0.879907  0.800039   \n",
       "15  0.384982  0.562798  0.900749  0.685026  0.947809  0.326594  0.518783   \n",
       "16  0.385058  0.587917  0.871454  0.594598  0.887752  0.349965  0.487948   \n",
       "17  0.624923  0.785211  0.943198  0.678670  0.866085  0.599220  0.608240   \n",
       "\n",
       "          7         8         9         10        11        12        13  \\\n",
       "0   0.676746  0.609622  0.949720  0.813310  0.943079  0.925260  0.882785   \n",
       "1   0.845370  0.768031  0.873065  0.739259  0.818786  0.858966  0.914467   \n",
       "2   0.976519  0.951232  0.667268  0.601155  0.635238  0.735335  0.890833   \n",
       "3   0.723933  0.688875  0.706900  0.693376  0.622893  0.748385  0.799786   \n",
       "4   0.872864  0.887427  0.512043  0.551518  0.442240  0.618805  0.775735   \n",
       "5   0.670259  0.576578  0.894988  0.724792  0.867924  0.848112  0.831467   \n",
       "6   0.627203  0.603442  0.856161  0.917316  0.739766  0.854573  0.825785   \n",
       "7   1.000000  0.983751  0.663109  0.616973  0.607066  0.739411  0.903463   \n",
       "8   0.983751  1.000000  0.622728  0.611164  0.573351  0.727194  0.886732   \n",
       "9   0.663109  0.622728  1.000000  0.949607  0.957104  0.975744  0.910615   \n",
       "10  0.616973  0.611164  0.949607  1.000000  0.864758  0.938857  0.869043   \n",
       "11  0.607066  0.573351  0.957104  0.864758  1.000000  0.944458  0.861417   \n",
       "12  0.739411  0.727194  0.975744  0.938857  0.944458  1.000000  0.955987   \n",
       "13  0.903463  0.886732  0.910615  0.869043  0.861417  0.955987  1.000000   \n",
       "14  0.664596  0.643387  0.986792  0.928866  0.967047  0.986444  0.914592   \n",
       "15  0.906986  0.932589  0.391479  0.418636  0.351232  0.513696  0.719953   \n",
       "16  0.919628  0.962991  0.421275  0.464451  0.349745  0.551137  0.747467   \n",
       "17  0.982294  0.996536  0.643402  0.630492  0.585112  0.738988  0.894776   \n",
       "\n",
       "          14        15        16        17  \n",
       "0   0.942339  0.384982  0.385058  0.624923  \n",
       "1   0.855869  0.562798  0.587917  0.785211  \n",
       "2   0.661020  0.900749  0.871454  0.943198  \n",
       "3   0.659468  0.685026  0.594598  0.678670  \n",
       "4   0.494526  0.947809  0.887752  0.866085  \n",
       "5   0.879907  0.326594  0.349965  0.599220  \n",
       "6   0.800039  0.518783  0.487948  0.608240  \n",
       "7   0.664596  0.906986  0.919628  0.982294  \n",
       "8   0.643387  0.932589  0.962991  0.996536  \n",
       "9   0.986792  0.391479  0.421275  0.643402  \n",
       "10  0.928866  0.418636  0.464451  0.630492  \n",
       "11  0.967047  0.351232  0.349745  0.585112  \n",
       "12  0.986444  0.513696  0.551137  0.738988  \n",
       "13  0.914592  0.719953  0.747467  0.894776  \n",
       "14  1.000000  0.392544  0.445046  0.663245  \n",
       "15  0.392544  1.000000  0.959077  0.911953  \n",
       "16  0.445046  0.959077  1.000000  0.955555  \n",
       "17  0.663245  0.911953  0.955555  1.000000  "
      ]
     },
     "execution_count": 13,
     "metadata": {},
     "output_type": "execute_result"
    }
   ],
   "source": [
    "df"
   ]
  },
  {
   "cell_type": "code",
   "execution_count": 15,
   "metadata": {},
   "outputs": [
    {
     "data": {
      "text/html": [
       "<style  type=\"text/css\" >\n",
       "    #T_72202318_c877_11ea_acdd_a402b9474b9erow0_col0 {\n",
       "            background-color:  #008000;\n",
       "            color:  #f1f1f1;\n",
       "        }    #T_72202318_c877_11ea_acdd_a402b9474b9erow0_col1 {\n",
       "            background-color:  #259425;\n",
       "            color:  #000000;\n",
       "        }    #T_72202318_c877_11ea_acdd_a402b9474b9erow0_col2 {\n",
       "            background-color:  #a3daa3;\n",
       "            color:  #000000;\n",
       "        }    #T_72202318_c877_11ea_acdd_a402b9474b9erow0_col3 {\n",
       "            background-color:  #9ed89e;\n",
       "            color:  #000000;\n",
       "        }    #T_72202318_c877_11ea_acdd_a402b9474b9erow0_col4 {\n",
       "            background-color:  #c0eac0;\n",
       "            color:  #000000;\n",
       "        }    #T_72202318_c877_11ea_acdd_a402b9474b9erow0_col5 {\n",
       "            background-color:  #0c860c;\n",
       "            color:  #f1f1f1;\n",
       "        }    #T_72202318_c877_11ea_acdd_a402b9474b9erow0_col6 {\n",
       "            background-color:  #6fbd6f;\n",
       "            color:  #000000;\n",
       "        }    #T_72202318_c877_11ea_acdd_a402b9474b9erow0_col7 {\n",
       "            background-color:  #bde9bd;\n",
       "            color:  #000000;\n",
       "        }    #T_72202318_c877_11ea_acdd_a402b9474b9erow0_col8 {\n",
       "            background-color:  #d3f5d3;\n",
       "            color:  #000000;\n",
       "        }    #T_72202318_c877_11ea_acdd_a402b9474b9erow0_col9 {\n",
       "            background-color:  #138a13;\n",
       "            color:  #000000;\n",
       "        }    #T_72202318_c877_11ea_acdd_a402b9474b9erow0_col10 {\n",
       "            background-color:  #4aa94a;\n",
       "            color:  #000000;\n",
       "        }    #T_72202318_c877_11ea_acdd_a402b9474b9erow0_col11 {\n",
       "            background-color:  #148b14;\n",
       "            color:  #000000;\n",
       "        }    #T_72202318_c877_11ea_acdd_a402b9474b9erow0_col12 {\n",
       "            background-color:  #239323;\n",
       "            color:  #000000;\n",
